=== ssg     d=6: tie-depth per round ===
  t    drift   mean   p90  max
  2  0.07610   3.21   5.0    6
  4  0.05810   3.06   4.0    6
  6  0.04533   3.00   4.0    6
  8  0.03409   2.82   4.0    6
 10  0.04068   3.46   5.0    6
 12  0.02207   2.90   4.0    6
 14  0.01938   3.02   4.0    6
=== adv     d=6: tie-depth per round ===
  t    drift   mean   p90  max
  2  0.06380   3.09   4.0    6
  4  0.01502   2.23   3.0    5
  6  0.00352   2.06   2.0    4
  8  0.00135   2.02   2.0    3
 10  0.00032   2.01   2.0    3
 12  0.00009   2.00   2.0    3
 14  0.00003   2.00   2.0    2
=== cellmax d=6: tie-depth per round ===
  t    drift   mean   p90  max
  2  0.07784   3.26   5.0    6
  4  0.03703   2.77   4.0    6
  6  0.02474   2.70   4.0    6
  8  0.05628   3.57   5.0    6
 10  0.00883   2.75   3.0    5
 12  0.01004   3.02   4.0    5
 14  0.01840   3.65   4.0    6
=== randbal d=6: tie-depth per round ===
  t    drift   mean   p90  max
  2  0.05599   2.66   4.0    6
  4  0.05837   3.28   5.0    6
  6  0.05002   3.37   5.0    6
  8  0.06088   3.80   5.0    6
 10  0.02278   2.81   4.0    6
 12  0.04287   3.86   5.0    6
 14  0.03095   3.67   5.0    6
=== randbal d=8: tie-depth per round ===
  t    drift   mean   p90  max
  2  0.05304   3.10   5.0    7
  4  0.04068   3.12   4.0    7
  6  0.03054   3.08   4.0    7
  8  0.03131   3.38   5.0    7
 10  0.03652   4.04   5.0    8
