=== ssg  d=6 ===
  t   drift    m_r  gap q10  gap med
  2  0.0761  0.973   0.0086   0.0519
  4  0.0581  0.975   0.0050   0.0334
  6  0.0453  0.956   0.0049   0.0304
  8  0.0341  0.941   0.0038   0.0209
 10  0.0407  0.966   0.0041   0.0248
 12  0.0221  0.960   0.0027   0.0156
 14  0.0194  0.940   0.0021   0.0133
=== adv  d=6 ===
  t   drift    m_r  gap q10  gap med
  2  0.0638  1.000   0.0078   0.0457
  4  0.0150  1.000   0.0019   0.0097
  6  0.0035  1.000   0.0005   0.0024
  8  0.0013  1.000   0.0001   0.0007
 10  0.0003  1.000   0.0000   0.0002
 12  0.0001  1.000   0.0000   0.0000
 14  0.0000  1.000   0.0000   0.0000
=== cellmax d=6 ===
  t   drift    m_r  gap q10  gap med
  2  0.0778  1.000   0.0090   0.0520
  4  0.0370  1.000   0.0051   0.0263
  6  0.0247  1.000   0.0021   0.0104
  8  0.0563  1.000   0.0015   0.0081
 10  0.0088  0.995   0.0006   0.0046
 12  0.0100  1.000   0.0002   0.0029
 14  0.0184  1.000   0.0006   0.0029
=== ssg  d=8 ===
  t   drift    m_r  gap q10  gap med
  2  0.0550  0.923   0.0064   0.0388
  4  0.0529  0.950   0.0055   0.0337
  6  0.0370  0.923   0.0047   0.0284
  8  0.0381  0.966   0.0042   0.0237
 10  0.0361  0.978   0.0031   0.0193
