=== ssg  d=6 ===
  t   drift     m2     m3     m4 apexball
  2  0.0761  0.973  0.708  0.340    0.002
  4  0.0581  0.971  0.698  0.334    0.003
  6  0.0453  0.951  0.650  0.285    0.000
  8  0.0341  0.940  0.560  0.214    0.000
 10  0.0407  0.965  0.786  0.491    0.006
 12  0.0221  0.951  0.625  0.235    0.001
 14  0.0194  0.936  0.684  0.302    0.001
=== adv  d=6 ===
  t   drift     m2     m3     m4 apexball
  2  0.0638  1.000  0.682  0.282    0.000
  4  0.0150  1.000  0.213  0.025    0.000
  6  0.0035  1.000  0.056  0.001    0.000
  8  0.0013  1.000  0.024  0.000    0.000
 10  0.0003  1.000  0.003  0.000    0.000
 12  0.0001  1.000  0.001  0.000    0.000
 14  0.0000  1.000  0.001  0.000    0.000
=== cellmax d=6 ===
  t   drift     m2     m3     m4 apexball
  2  0.0778  1.000  0.766  0.383    0.002
  4  0.0370  1.000  0.582  0.155    0.000
  6  0.0247  1.000  0.572  0.136    0.000
  8  0.0563  1.000  0.899  0.487    0.001
 10  0.0088  0.993  0.658  0.092    0.000
 12  0.0100  1.000  0.848  0.181    0.000
 14  0.0184  1.000  0.998  0.541    0.000
=== ssg  d=8 ===
  t   drift     m2     m3     m4 apexball
  2  0.0550  0.905  0.633  0.308    0.000
  4  0.0529  0.945  0.727  0.396    0.000
  6  0.0370  0.936  0.660  0.313    0.000
  8  0.0381  0.972  0.756  0.423    0.000
 10  0.0361  0.984  0.835  0.540    0.000
